2260
849
2100
1414
1373
511
1099
2997
352
3581
2938
2708
1880
1080
3107
3510
216
2815
2833
1906
1655
1610
1648
3434
316
3289
3013
3571
13
3295
2135
2859
1765
26
1032
3296
2080
3339
2147
1587
708
2543
2143
2750
3062
848
1278
3453
1350
2073
1325
2760
1826
364
3512
982
1939
3160
1611
61
2936
2542
2035
3574
150
2448
2455
449
387
1667
3139
2819
3328
793
3299
3150
1734
2404
701
1489
653
2504
288
58
1720
2974
2924
990
3298
858
2108
2799
2397
1446
210
2700
214
1177
2487
1391
1457
1623
3455
71
2273
2872
90
2396
2506
2257
1037
1535
2010
1291
1560
1867
3420
1305
3469
923
3489
3152
972
429
775
1828
2535
289
1448
1120
915
428
2957
1804
2586
3267
1883
1056
348
3481
1089
2060
876
1858
582
31
2701
2934
1405
1606
2968
890
831
3562
639
1163
2812
2773
1696
3216
1500
179
400
3478
6
3464
48
1076
2332
2047
3496
1417
152
329
3552
1965
3350
2074
2293
2308
2774
3217
403
2663
2610
1863
2687
2112
2277
171
1687
1107
2592
3461
1950
2353
1200
83
542
638
1630
496
3507
1331
2039
2960
1959
2993
2193
1846
1664
23
661
2485
1140
1597
2461
1433
2085
1777
255
1420
1781
3120
829
2034
2004
1282
1879
2247
1914
2415
3025
2438
287
3283
2360
1592
1151
1057
1852
932
2204
904
3505
1853
1913
1624
983
337
2558
3068
951
2783
1546
2716
2261
532
1007
3319
3490
2844
8
369
356
1486
2554
732
1697
3463
2142
3589
2095
757
3009
1295
399
2138
641
898
3271
3246
2648
2593
655
2189
2652
3369
2240
977
490
1230
134
1114
162
3554
1011
789
1154
1812
383
2715
550
3332
1554
2287
1117
1334
3057
3372
1132
1358
960
2664
1651
2051
1976
1304
547
2782
1459
2793
1268
2643
2788
3185
2328
1068
820
1296
3546
2555
1485
1534
1796
2388
3133
1063
3044
1449
291
1647
103
1009
3514
1466
1477
2906
3390
239
887
187
2407
843
398
608
10
1762
2879
2209
1941
2885
3368
2031
3576
3092
1882
1339
311
665
3212
1533
3094
118
3322
2755
1031
1412
3349
1231
2679
1041
2987
2067
749
885
1753
3590
1213
1038
1286
1636
1658
2011
2082
1925
846
1381
1916
1541
1218
1802
1161
1985
2333
735
492
25
2259
863
1146
3497
159
437
3248
2599
1789
795
3131
2310
1599
21
3408
2477
1490
2419
900
1545
984
2459
1878
359
3201
1591
2721
2975
33
2514
3243
985
3144
2617
1116
116
1240
2922
2837
2804
3557
3039
1124
1130
2899
675
1681
3224
704
2411
3032
3500
2479
3440
3448
2849
278
251
1917
1172
142
1342
963
319
229
1791
740
1723
3458
2959
3098
2229
2999
1991
1571
173
599
2402
1317
866
2786
3536
773
1909
2454
2854
2754
2430
1649
253
1952
2881
482
1703
2685
424
1503
823
3492
1966
1106
1495
2182
2219
332
3181
2897
2122
3273
105
869
1094
208
1091
2028
3124
380
1672
3020
333
2579
2375
97
635
3211
40
3335
1447
531
758
2391
3407
2414
2442
153
3207
589
3105
2532
451
659
2253
2780
69
2337
3238
1312
3088
3077
1555
3513
1794
3526
2464
266
1416
2915
1203
292
615
3027
560
3477
138
861
3398
1401
1662
2285
1054
1625
1366
815
2491
694
1086
2002
1921
2578
1228
1669
195
2288
1822
2460
3000
1468
45
1798
2539
3414
3486
2619
2488
165
3592
1979
440
469
3021
3128
2036
2495
2654
1686
987
1701
168
3449
2334
3028
1612
1998
2276
672
1818
3190
1694
2065
679
1142
2119
651
2123
3555
3109
776
3355
363
2732
2490
2114
1977
2907
2033
2001
3524
443
197
2871
995
3343
2032
3164
1932
1066
3394
2208
999
1400
1724
3482
2126
2364
561
1320
3543
2377
2792
2393
3161
157
2319
89
2322
1019
2354
1718
3495
756
2168
2875
609
2855
325
155
67
1368
1894
3171
2954
1629
3196
741
1805
1462
393
2761
3277
2040
257
1778
1045
1028
2300
1374
3215
1585
1392
481
3384
879
2342
803
2982
1242
422
1469
1131
2807
862
2548
2423
2203
2489
625
3583
2043
1654
3170
889
3252
1797
1824
1326
3175
3400
648
3484
1377
2263
3556
1143
1550
3050
3245
2547
3115
2235
2646
787
1180
3483
2347
1945
1176
206
1967
986
3145
2768
2301
2702
3127
711
691
2994
2072
568
44
126
263
438
3188
52
1244
605
1661
132
1831
2650
2509
1531
1030
500
729
108
3003
124
2447
3336
3240
412
1050
53
1473
1896
1708
3284
1402
3001
1751
3444
320
373
484
2970
2920
491
3264
2127
970
472
2900
1252
3456
1509
2961
1522
1768
3276
2733
445
682
64
3071
3393
1060
524
868
618
310
1274
913
759
1085
1093
569
622
3382
3157
2573
1890
720
1260
3065
236
3029
1367
1396
564
1191
1549
613
1643
730
2167
1758
3575
2512
3069
2609
828
2256
494
607
1510
1536
461
1318
2435
2443
3366
2394
3501
3247
769
1387
2124
624
2009
1898
2640
3117
2374
780
714
918
870
575
2437
1602
2898
2038
746
1372
2362
1935
1770
2110
1595
761
283
1008
1275
2772
2676
215
2846
2694
1156
3146
1739
34
2284
1915
2864
3286
3547
1219
765
2966
1105
2840
1428
2988
2902
2789
510
1558
368
2955
865
2661
1173
3479
3413
264
894
2497
268
170
2249
3226
1561
3578
3396
1784
3534
1232
1266
2853
477
3132
3200
1287
883
235
585
362
840
2018
260
2712
2713
1159
2533
1675
800
1355
1523
345
728
3371
1492
133
3187
2195
1994
530
2476
3081
2757
2166
978
1956
774
1698
2536
2901
2359
1245
745
1520
1109
2811
2169
3527
1874
433
2537
3100
3403
2131
3199
1548
351
637
1129
2984
2818
965
2134
1343
96
1954
22
833
2144
1502
2003
2171
2731
1439
1788
1067
2173
262
3285
2517
2292
3570
2250
2911
1071
200
650
1673
1871
3155
621
4
3566
2644
466
1070
419
3184
1272
2378
903
3091
3333
3541
68
493
901
2154
2211
1838
2945
2165
2991
202
593
3287
947
1843
1429
957
1254
252
1816
3437
2808
1338
2493
1657
2587
411
2335
502
3521
1557
3537
1015
2000
2321
657
464
2090
453
1321
65
1084
1158
30
1521
3227
242
3584
1642
2097
2096
180
3364
631
1564
1069
273
303
2985
2927
3134
1933
1110
462
104
2629
2843
1058
2693
3268
2202
2557
1929
1813
1399
2372
18
1508
902
1997
2238
1803
1025
2657
209
3502
2409
2344
842
2020
2117
2591
2926
2303
16
3402
452
3229
3213
2904
3485
485
1051
864
1841
2711
1905
940
1212
1472
1759
514
19
3442
1436
1902
377
2444
2868
1128
3564
183
460
1482
1192
2508
3404
2026
2865
2695
3194
2581
1271
2507
2540
3360
3376
2469
1337
3163
1207
1418
1246
2905
3051
3399
9
2567
2612
1378
731
2606
2686
743
1036
627
2014
3015
84
3347
1426
2883
2351
926
3135
1216
702
2013
2880
2910
1775
847
1594
2299
804
416
2521
1427
2553
32
2162
3334
1379
3279
29
1653
211
2295
324
2207
3516
2197
127
1727
553
1126
1194
2199
1311
191
884
2980
2022
1088
2311
3083
473
896
1082
1668
1299
1892
66
78
3278
1042
172
3548
1077
3192
1026
361
2775
766
1488
797
3156
2933
1384
871
302
1926
1738
2289
2198
3529
748
2825
2569
1310
2368
971
2132
936
2325
295
973
2566
2214
937
1021
2136
2613
1634
1547
99
1539
680
2349
1556
2486
1294
1855
3059
2534
2670
431
2751
167
689
2747
483
3533
2559
3499
3435
834
1225
1441
2929
644
347
1395
3406
3076
3436
2595
418
3331
948
375
2696
1937
272
3450
2480
301
2890
1695
688
2178
3073
2161
338
1903
1645
341
2453
2424
1035
2478
750
3054
2930
2294
2989
1901
175
3345
1153
3525
710
1421
3106
2246
2816
906
713
3457
1178
360
2630
2083
2770
1167
1360
839
3426
584
204
2863
1053
212
3064
1722
2862
690
1580
2597
1134
1335
1748
908
3427
959
193
1953
3129
2575
3041
673
2262
2526
3517
1677
2851
3311
670
3316
3412
2513
994
1721
1807
3586
1250
2021
754
2576
1678
276
2251
3250
1039
1859
1766
3138
1605
192
2893
1514
1638
2861
1437
2681
3218
1971
2519
2412
1425
2366
1900
2888
3087
2824
2749
3186
2580
897
2523
2621
3147
537
1357
3432
1835
1746
2560
3419
1408
131
3441
988
2813
1497
1705
72
1217
3090
3034
1336
57
544
2286
2951
3167
3203
1370
1102
35
2691
3320
1725
2188
2834
2248
910
3005
2274
525
480
1138
1330
1868
1431
410
2941
796
853
860
3344
3539
1674
1683
1214
629
3108
2847
1239
595
2046
2740
681
2925
1224
1100
687
521
2017
1529
706
62
1823
1023
3230
579
250
1857
515
77
2500
307
1101
2589
2649
1572
2481
2800
3112
1741
1772
293
2803
2339
801
1544
169
2205
1633
744
2735
3225
2006
534
2756
1704
594
2125
1048
1121
2645
1119
968
2190
3383
513
3365
1596
1873
581
3055
3443
2030
3235
1187
2057
3386
2723
1763
27
2458
365
1004
2159
285
3099
1864
939
1118
160
974
296
914
2678
558
3356
1562
1578
3293
1481
328
3239
899
3565
3348
2688
340
3415
1419
3462
2734
2401
467
3221
1046
1907
992
2421
39
1593
2201
1002
2659
1943
455
2706
1184
2894
646
190
980
3498
2029
1361
1930
2805
2148
1394
3197
3018
2823
2672
2860
712
809
240
3078
3089
1780
1715
2242
3169
920
2739
1487
555
3290
2462
3234
2446
1285
3418
2551
895
1552
2282
1498
2848
771
1353
2281
217
407
3158
2160
245
715
2496
764
747
2492
82
2269
576
2429
1215
1887
1736
1013
404
1714
2759
556
371
1919
1303
270
3374
2642
501
2016
2041
488
742
2436
604
1380
1480
565
259
2105
2601
1349
91
2795
2992
80
763
1888
2753
606
1840
907
1848
3559
1112
2876
2889
1293
1136
597
3362
2052
3122
3324
442
1256
3174
3351
441
2266
1582
935
3488
1189
3549
405
3409
220
3096
2183
1598
664
3304
1141
1528
798
2088
3189
1860
1247
699
2025
1652
2323
2307
144
3553
1496
1836
63
3551
2079
1815
656
3168
1322
3130
2498
2626
102
2995
2882
247
1243
3162
3180
3060
2474
158
3467
1851
1065
3154
590
1885
1150
1257
997
284
3233
825
2662
782
886
2343
1632
2472
642
1532
117
397
2150
423
3358
2304
662
2315
684
574
2561
1949
3244
2830
2179
1137
520
1010
1027
2746
3468
3153
2703
3058
2563
3588
2044
989
1484
1362
2869
3206
2748
3080
3123
1410
2503
663
799
2690
1839
3430
3572
1389
762
1264
1170
2099
3550
2473
1241
2087
548
205
838
3340
459
2684
3545
178
630
1269
1709
166
1423
996
406
1820
3367
121
1144
3465
2451
2977
135
2331
3416
685
1003
3047
2386
1833
95
12
1475
2234
541
2440
1616
1422
354
2632
602
269
88
3261
851
401
1969
2952
1375
1897
1313
636
2963
1352
2482
1679
444
3023
802
1049
854
1755
2778
536
2839
2363
2577
2345
3309
612
652
2820
3179
3288
3466
1511
1749
1760
2738
1567
3591
1865
2779
2187
1095
92
1315
2111
2155
2874
479
3251
949
2817
2680
1333
3439
125
658
1227
87
3558
2416
1972
2568
1706
1631
969
1570
826
917
374
1273
408
1776
1525
2075
1518
3531
1040
2348
2596
189
2184
1016
497
3308
1719
784
1764
3318
1301
806
2483
3509
2737
2241
343
1369
2392
1566
991
2725
2176
2329
2714
1171
2842
1382
2220
2538
1861
224
2265
3310
2525
2717
2210
516
2280
342
2320
385
1579
2264
42
1886
435
819
366
223
2939
1569
2180
1756
3530
1904
2139
1222
2145
2398
1750
1062
122
1622
3004
1188
2510
1773
2425
1196
3280
979
1665
674
583
705
3312
1782
2912
3594
203
1744
1912
958
1516
1001
1284
1139
2541
2309
2520
562
2822
1018
3380
331
2089
2806
2222
967
2217
1684
975
788
85
1618
2185
3361
2531
339
1221
1524
2432
2156
1737
3046
465
2130
47
794
3228
1443
402
928
2094
3136
577
379
2078
2919
2983
101
3262
2056
2718
736
1345
3582
2194
1981
1783
1199
2005
952
1551
2272
2417
2956
1970
495
934
941
3511
2549
2631
3520
2953
1198
1157
1960
2886
1650
370
2565
1975
505
3222
136
24
2884
1619
2317
2120
381
1786
660
2571
1096
1270
3017
2948
1742
1948
2502
1670
221
2602
1811
3535
1944
3204
857
1590
128
2346
355
114
1276
3401
2084
176
1542
2445
3353
2081
527
2129
1922
695
1530
1716
1842
1479
1792
2243
1747
1504
1165
2149
3494
1893
463
2037
1452
3082
1033
2399
760
3205
164
3329
2236
1202
2564
1388
824
1964
3307
2215
3151
2012
1476
2594
2373
506
700
2367
1627
2101
1881
2660
2887
3388
2856
2252
3460
417
1993
3493
2921
2765
43
2405
2102
1614
2410
1717
872
1413
2710
1103
1908
3113
2271
2268
2705
2625
2741
228
2603
2383
1501
2206
3210
76
1204
3104
523
2070
3259
1735
2972
1494
470
3014
2232
1707
1440
3459
219
3518
267
2116
578
1992
1790
2677
450
2923
2634
3573
2836
2570
2048
3031
248
73
922
1987
3061
2913
151
335
98
1020
207
1963
1940
645
1258
1955
3101
3504
3125
1946
3428
3342
3327
3110
234
572
2873
2137
2572
3597
475
1573
1205
1771
1047
46
79
837
591
945
2529
2077
1872
2940
1918
1834
596
1639
3417
3097
2916
271
1341
1323
3111
1984
549
1980
3008
2007
1351
1726
3260
598
2639
1435
1404
3048
3294
1730
2600
2878
1957
188
1442
822
3377
3452
1691
290
545
751
367
3491
2976
2895
2511
770
357
2967
666
3052
2669
519
2931
2467
1830
3410
814
3249
137
2527
2420
2896
875
2516
2767
2463
38
3232
707
3532
1329
3053
1563
2413
2616
905
753
313
1856
1327
3378
3346
2170
1740
258
3528
3086
51
1506
1300
3114
716
1174
3033
2796
950
1581
1800
1507
2651
3474
654
2627
601
693
1483
323
1806
1961
2728
504
3291
1938
1680
1233
1097
781
792
1973
233
2729
3143
1432
2157
2666
1866
752
3438
1122
2365
2086
384
528
647
314
2764
1626
2522
1876
1659
697
3056
538
1259
75
1983
1644
154
2515
1281
2400
3166
2528
966
1515
3142
1164
436
529
1403
1309
1761
726
3016
315
3237
1471
1849
346
2066
1978
600
3306
225
2867
933
476
2457
1470
727
3148
873
2042
2358
265
850
718
1162
1553
777
3303
2475
1467
2254
1958
1445
683
640
2810
1700
1340
3176
3209
2827
2973
3363
3567
1211
588
3085
1603
2790
1731
3007
1540
2544
2174
2023
930
2224
3337
2327
1415
3272
3292
3165
563
2809
2776
1628
2692
2604
41
2858
623
1512
3263
2356
3063
2352
456
832
507
1314
921
924
2892
1385
3379
2330
1297
2743
1206
603
3544
3269
2656
1996
439
2583
2998
1279
457
305
2946
199
2306
1962
1115
1356
2736
2675
2484
696
668
1234
1280
1208
1181
526
733
1543
2076
1344
49
3470
282
3042
1052
54
1752
1175
3585
1899
1168
318
580
1779
2059
1600
3219
3454
3577
326
1584
880
396
1411
821
238
3317
294
628
280
1517
1478
2054
317
2053
147
2221
2719
1829
2371
2585
186
1152
489
2758
2852
1210
1617
1693
1688
1235
1923
1253
1
2699
1875
1044
2231
2192
3387
143
512
2230
1123
1145
2928
2944
2200
976
3314
2379
1288
2296
2027
2324
1889
3425
1456
353
1092
498
1098
3274
1169
3325
2107
145
3095
2062
2384
434
2181
1844
2449
60
2769
3270
2341
2784
3451
805
533
1393
3297
3508
1465
2283
2986
1265
2326
3373
330
2141
2244
1332
1942
827
1513
2668
2008
677
3266
2981
1017
808
0
3341
1999
698
2369
3580
3392
1363
919
218
2697
2969
3391
2845
929
2103
3323
3275
3487
3472
785
1565
1451
156
734
3282
55
1283
570
2422
1990
2866
2
1666
1837
812
3
2838
1621
961
2370
3159
830
877
2091
3121
539
3568
1186
2233
1743
2380
1601
2158
845
955
2857
2470
1862
3177
3038
2949
1986
2622
2177
420
2466
962
1125
2456
2055
2312
2903
1499
1292
3002
226
94
1034
2530
2465
1607
1808
1927
1995
1277
182
1974
1127
2408
2291
610
859
3473
3198
1491
790
2049
1934
554
678
3006
3119
2698
816
1005
2707
1832
458
3587
2163
3183
388
446
1072
2665
3538
378
1577
891
2450
3354
2653
717
1061
1968
2550
372
3503
998
2917
3357
619
2237
275
1505
358
382
304
2562
312
1924
1319
1238
2063
140
1988
1461
2164
2418
3305
1006
112
2615
3019
306
2588
2618
1891
1108
3313
478
3178
878
3599
755
1589
1745
2584
1078
2658
522
2109
2850
779
2225
3026
2611
1386
3395
3315
786
11
1458
120
1474
1845
1261
909
1229
1609
274
232
3595
213
2153
386
1365
956
1575
1406
227
2258
1430
1133
1884
2024
810
3397
2545
2932
1847
2395
2336
881
2389
1947
2826
3352
632
327
2943
1711
2636
1450
2720
2614
2350
2870
2387
1220
3241
2797
1376
2763
856
309
2290
100
3070
